10,146
10,145
10,144
10,143
10,142
10,141
10,140
10,139
10,138
10,137
10,136
10,135
10,134
10,133
10,132
10,131
10,130
10,129
10,128
10,127
10,126
10,125
10,124
10,123
10,122
10,121
10,120
10,119
10,118
10,117
10,116
10,115
10,114
10,113
10,112
10,111
10,110
10,109
10,108
10,107
10,106
10,105
10,104
10,103
10,102
10,101
10,100
10,99
10,98
10,97
10,96
10,95
10,94
10,93
10,92
10,91
10,90
10,89
10,88
10,87
10,86
10,85
10,84
10,83
10,82
10,81
10,80
10,79
10,78
10,77
10,76
10,75
10,74
10,73
10,72
10,71
10,70
10,69
10,68
10,67
10,66
10,65
10,64
10,63
10,62
10,61
10,60
10,59
10,58
10,57
10,56
10,55
10,54
10,53
10,52
10,51
10,50
10,49
10,48
10,47
10,46
10,45
10,44
10,43
10,42
10,41
10,40
10,39
10,38
10,37
10,36
10,35
10,34
10,33
10,32
10,31
10,30
10,29
10,28
10,27
10,26
10,25
10,24
10,23
10,22
10,21
10,20
10,19
10,18
10,17
10,16
10,15
10,14
10,13
10,12
10,11
10,10
10,8
10,7
10,6
10,5
10,4
10,3
10,2
10,1
10,0
9,4
9,3
9,2
9,1
9,0
8,9
8,8
8,7
8,6
8,5
8,4
8,3
8,2
8,1
8,0
7,4
7,3
7,2
7,1
7,0
6,4
6,3
6,2
6,1
6,0
5,3
5,2
5,1
5,0
4,3
2,32
2,31
2,30
2,29
2,28
2,27
2,26
2,25
2,24
2,23
2,22
2,21
2,20
2,19
2,18
2,17
2,16
2,15
2,14
2,13
2,12
2,11
2,10
2,9
2,8
2,7
2,6
2,5
2,4
2,3
2,2
2,1
2,0
1,3
0,347
0,331
0,330
0,328
0,323
0,321
0,313
0,312
0,243
0,9
0,1
10,147
10,148
10,150
10,151
10,153
10,154
10,156
10,192
10,193
10,195
10,196
10,198
10,200
10,201
10,203
10,204
10,206
10,209
10,211
10,213
10,214
10,216
10,217
10,219
10,221
10,222
10,225
10,226
10,228
10,229
10,232
10,234
10,235
10,237
10,238
10,240
10,242
10,243
10,247
10,248
11,1
11,2
11,4
12,1
12,2
12,4
13,0
13,2
14,0
14,1
14,3
14,5
15,0
15,2
15,3
15,5
16,0
16,2
16,3
16,5
16,7
16,8
16,10
17,0
17,2
17,4
17,5
17,7
17,8
17,10
17,11
17,13
17,15
17,16
17,18
17,19
17,21
17,23
17,24
18,1
18,2
18,4
19,0
19,2
19,4
19,5
19,7
19,8
19,10
19,12
19,13
19,15
19,16
19,18
20,1
20,2
20,4
20,5
21,1
21,2
21,4
21,6
22,0
22,2
22,3
23,0
23,2
23,3
24,0
24,1
24,3
24,4
25,1
25,3
26,0
26,2
26,3
26,5
27,1
27,2
27,4
27,5
27,7
27,8
28,1
28,3
28,4
29,1
29,2
30,0
30,2
30,3
31,0
31,1
31,3
31,4
32,0
32,2
32,3
33,1
33,2
34,0
34,2
34,3
35,0
35,1
35,3
35,5
35,6
35,8
35,9
35,11
36,0
36,2
36,4
36,5
36,7
37,0
37,2
37,4
37,5
38,1
38,2
38,4
38,5
39,1
39,3
39,4
40,0
40,1
40,3
40,5
40,6
41,1
41,2
41,4
41,5
42,1
42,3
42,4
43,1
43,2
43,4
44,1
44,2
44,4
44,5
45,1
45,3
45,4
45,6
46,0
46,2
46,3
46,5
47,0
47,1
47,3
47,4
47,6
48,1
48,2
48,4
48,5
48,7
48,8
48,10
48,12
48,13
48,15
48,16
48,18
48,20
48,21
48,23
48,24
48,26
48,27
48,29
48,31
48,32
48,34
48,35
48,64
48,66
48,67
48,69
48,70
48,72
49,0
49,2
49,4
49,5
49,7
49,8
49,10
49,12
50,0
50,2
50,3
50,5
51,0
51,1
51,3
51,4
51,6
51,7
51,9
52,1
52,2
52,4
53,0
53,2
53,4
54,0
54,2
54,3
54,5
54,6
54,8
55,0
55,1
55,3
55,4
56,1
56,3
56,4
57,0
57,1
57,3
57,4
58,1
58,3
58,4
58,6
58,7
58,9
59,1
59,2
59,4
59,5
60,0
60,2
60,3
60,5
60,6
61,1
61,2
61,4
62,0
62,1
62,3
62,4
63,1
63,3
63,4
64,1
64,2
64,4
64,5
65,1
65,3
65,4
66,1
66,2
67,0
67,2
67,3
68,1
68,2
69,0
69,1
69,3
69,5
69,6
70,1
70,2
70,4
70,6
71,0
71,2
71,3
72,1
72,3
73,0
73,2
73,3
73,5
73,6
74,0
74,2
74,3
74,5
75,0
75,2
75,4
75,5
76,1
76,2
76,4
77,0
77,2
77,4
77,5
78,0
78,1
78,3
78,5
78,6
78,8
78,9
78,11
78,12
78,14
78,16
78,17
78,19
78,20
78,22
78,24
78,25
78,27
78,28
78,30
78,31
78,33
78,35
78,36
78,38
79,0
79,2
79,4
79,5
80,0
80,1
80,3
81,0
81,1
81,3
82,0
82,2
82,3
82,5
82,7
82,8
83,1
83,2
83,4
84,1
84,2
85,0
85,1
85,3
85,4
86,1
86,3
86,4
87,1
87,2
87,4
88,0
88,1
88,3
88,4
89,0
89,1
89,3
90,0
90,1
90,3
90,4
91,0
91,2
91,3
92,0
92,1
92,3
93,0
93,1
93,3
93,4
94,1
94,2
94,4
95,1
95,2
95,4
96,0
96,2
96,4
97,0
97,2
97,3
98,0
98,1
98,3
99,0
99,1
99,3
99,4
100,1
100,3
100,4
101,1
101,2
101,4
102,0
102,2
102,4
103,0
103,2
103,3
104,0
104,2
104,3
105,0
105,1
105,3
105,4
106,1
106,3
106,4
107,1
107,2
107,4
108,1
108,2
109,0
109,1
109,3
110,0
110,1
110,3
110,4
111,1
111,2
111,4
111,8
112,0
112,2
112,3
113,0
113,2
113,3
113,5
114,0
114,2
114,3
114,5
115,1
115,2
115,4
116,0
116,2
116,4
117,0
117,2
117,3
117,5
118,0
118,2
118,4
118,5
118,7
119,0
119,2
119,4
119,5
119,7
120,0
120,2
120,4
120,5
121,0
121,1
121,3
121,4
122,0
122,2
122,3
122,5
122,6
123,1
123,3
123,4
123,6
124,0
124,2
124,3
125,0
125,2
125,3
126,0
126,1
126,3
127,0
127,1
127,3
127,4
128,0
128,1
128,3
128,5
129,0
129,2
129,3
130,0
130,2
130,3
131,0
131,1
131,3
131,4
132,1
132,3
132,4
133,1
133,2
133,4
134,0
134,1
134,3
134,4
134,6
134,8
135,0
135,2
135,3
136,0
136,1
136,3
137,0
137,1
137,3
137,4
138,0
138,2
138,3
138,5
138,6
139,1
139,2
139,4
140,0
140,1
140,3
140,4
140,6
141,1
141,2
141,4
142,0
142,2
142,3
143,0
143,2
143,3
144,0
144,1
144,3
145,0
145,1
145,3
145,4
146,1
146,3
146,4
147,0
147,1
147,3
147,4
148,0
148,2
148,3
149,0
149,1
149,3
149,5
150,0
150,2
150,3
150,4
150,1
149,4
149,2
148,4
148,1
147,5
147,2
146,5
146,2
146,0
145,2
144,4
144,2
143,4
143,1
142,4
142,1
141,3
141,0
140,5
140,2
139,5
139,3
139,0
138,4
138,1
137,5
137,2
136,4
136,2
135,4
135,1
134,7
134,5
134,2
133,5
133,3
133,0
132,2
132,0
131,2
130,4
130,1
129,4
129,1
128,4
128,2
127,5
127,2
126,4
126,2
125,4
125,1
124,4
124,1
123,5
123,2
123,0
122,4
122,1
121,5
121,2
120,6
120,3
120,1
119,6
119,3
119,1
118,6
118,3
118,1
117,4
117,1
116,3
116,1
115,3
115,0
114,4
114,1
113,4
113,1
112,4
112,1
111,7
111,3
111,0
110,2
109,4
109,2
108,3
108,0
107,3
107,0
106,2
106,0
105,2
104,4
104,1
103,4
103,1
102,3
102,1
101,3
101,0
100,2
100,0
99,2
98,4
98,2
97,4
97,1
96,3
96,1
95,3
95,0
94,3
94,0
93,2
92,4
92,2
91,4
91,1
90,5
90,2
89,4
89,2
88,5
88,2
87,5
87,3
87,0
86,2
86,0
85,2
84,3
84,0
83,3
83,0
82,6
82,4
82,1
81,2
80,4
80,2
79,6
79,3
79,1
78,37
78,34
78,32
78,29
78,26
78,23
78,21
78,18
78,15
78,13
78,10
78,7
78,4
78,2
77,6
77,3
77,1
76,3
76,0
75,3
75,1
74,4
74,1
73,7
73,4
73,1
72,2
72,0
71,1
70,5
70,3
70,0
69,4
69,2
68,3
68,0
67,1
66,3
66,0
65,2
65,0
64,3
64,0
63,2
63,0
62,2
61,5
61,3
61,0
60,4
60,1
59,6
59,3
59,0
58,8
58,5
58,2
58,0
57,2
56,5
56,2
56,0
55,2
54,9
54,7
54,4
54,1
53,3
53,1
52,3
52,0
51,8
51,5
51,2
50,6
50,4
50,1
49,11
49,9
49,6
49,3
49,1
48,71
48,68
48,65
48,36
48,33
48,30
48,28
48,25
48,22
48,19
48,17
48,14
48,11
48,9
48,6
48,3
48,0
47,5
47,2
46,6
46,4
46,1
45,5
45,2
45,0
44,3
44,0
43,3
43,0
42,2
42,0
41,3
41,0
40,4
40,2
39,5
39,2
39,0
38,3
38,0
37,3
37,1
36,6
36,3
36,1
35,10
35,7
35,4
35,2
34,4
34,1
33,3
33,0
32,1
31,5
31,2
30,4
30,1
29,3
29,0
28,2
28,0
27,6
27,3
27,0
26,4
26,1
25,2
25,0
24,2
23,4
23,1
22,4
22,1
21,5
21,3
21,0
20,3
20,0
19,17
19,14
19,11
19,9
19,6
19,3
19,1
18,3
18,0
17,22
17,20
17,17
17,14
17,12
17,9
17,6
17,3
17,1
16,9
16,6
16,4
16,1
15,4
15,1
14,6
14,2
13,3
13,1
12,3
12,0
11,3
11,0
10,246
10,241
10,239
10,236
10,233
10,231
10,227
10,224
10,220
10,218
10,215
10,212
10,210
10,205
10,202
10,199
10,197
10,194
10,157
10,155
10,152
10,149
0,333
0,325
0,300
0,299
0,298
0,297
0,296
0,349
0,295
0,294
0,346
0,293
0,292
0,344
0,291
0,290
0,289
0,288
0,287
0,286
0,285
0,284
0,283
0,282
0,281
0,280
0,332
0,279
0,278
0,326
0,277
0,276
0,275
0,342
0,274
0,273
0,340
0,272
0,271
0,338
0,270
0,269
0,336
0,268
0,267
0,266
0,265
0,334
0,264
0,263
0,262
0,327
0,261
0,260
0,320
0,259
0,258
0,257
0,256
0,255
0,254
0,253
0,252
0,251
0,250
0,249
0,248
0,247
0,246
0,245
0,244
0,242
0,241
0,240
0,239
0,238
0,237
0,236
0,235
0,234
0,233
0,232
0,231
0,230
0,229
0,228
0,227
0,226
0,225
0,224
0,223
0,222
0,221
0,220
0,219
0,218
0,217
0,216
0,215
0,214
0,213
0,212
0,211
0,210
0,209
0,208
0,207
0,206
0,205
0,204
0,203
0,202
0,201
0,200
0,199
0,198
0,197
0,196
0,195
0,194
0,193
0,192
0,63
0,62
0,61
0,60
0,59
0,58
0,57
0,56
0,55
0,54
0,53
0,52
0,51
0,50
0,49
0,48
0,47
0,46
0,45
0,6
0,0
0,5
0,304
0,303
0,306
0,305
0,302
0,322
0,12
0,311
0,10
0,8
0,324
0,11
0,4
0,2
0,3
0,7
